0.407 0.391313 0.0321961 0.520097
0.443 0.397774 0.0354535 0.539588
0.345 0.391177 0.0381344 0.543715
0.352 0.38628 0.0371708 0.534963
0.347 0.38137 0.0364706 0.527252
0.347 0.377074 0.0348715 0.51656
0.349 0.373564 0.0322946 0.502742
0.341 0.369494 0.0313444 0.494872
0.343 0.366182 0.0293038 0.483397
0.334 0.362159 0.0290176 0.478229
0.348 0.360389 0.0248605 0.459831
0.446 0.371091 0.0373726 0.520581
0.352 0.368704 0.0322055 0.497526
0.342 0.365366 0.0299956 0.485348
0.354 0.363946 0.0249832 0.463879
0.407 0.369327 0.0281556 0.481949
7.178 1.22041 1.51051 7.26245
0.339 1.11024 1.3257 6.41304
0.335 1.01333 1.16385 5.66873
0.334 0.928414 1.02149 5.01437
0.337 0.854488 0.895493 4.43646
0.348 0.791177 0.782414 3.92083
0.366 0.73803 0.679818 3.4573
0.346 0.689026 0.59562 3.07151
0.336 0.644898 0.523939 2.74065
0.329 0.60541 0.462057 2.45364
0.347 0.573109 0.40307 2.18539
0.338 0.54372 0.353733 1.95865
0.325 0.51638 0.313144 1.76896
0.403 0.502208 0.25966 1.54085
0.333 0.481057 0.231759 1.40809
