0.385 0.435996 0.0918514 0.803402
0.352 0.424068 0.0853229 0.76536
0.349 0.413409 0.0784213 0.727094
0.359 0.405683 0.0679477 0.677474
0.336 0.395788 0.065255 0.656808
0.351 0.389428 0.0564021 0.615036
0.411 0.392491 0.0438974 0.568081
0.347 0.386031 0.0422915 0.555197
0.334 0.378643 0.0430675 0.550913
0.387 0.37983 0.0312213 0.504715
0.334 0.373322 0.0338945 0.5089
0.345 0.3693 0.0307283 0.492213
0.367 0.368974 0.0212394 0.453932
0.401 0.373521 0.0232985 0.466715
0.344 0.369329 0.0239685 0.465203
0.345 0.365874 0.0229473 0.457663
0.346 0.363052 0.0210019 0.44706
0.408 0.369435 0.0267977 0.476626
0.364 0.368663 0.0194933 0.446636
0.351 0.366155 0.0180616 0.438401
0.34 0.362441 0.0195068 0.440468
0.339 0.359112 0.0197065 0.437938
0.36 0.359238 0.0134548 0.413057
0.349 0.357785 0.0119138 0.40544
0.436 0.368891 0.0301282 0.489404
0.355 0.366919 0.0241192 0.463396
0.343 0.363522 0.0229321 0.45525
0.342 0.360466 0.0214583 0.446299
0.347 0.358554 0.0181899 0.431314
0.352 0.357623 0.0140428 0.413794
0.339 0.354979 0.0146817 0.413706
